128
130
131
133
135
136
137
139
140
142
143
143
145
147
148
149
151
151
153
154
155
156
157
158
159
159
161
163
163
165
166
167
168
169
170
171
172
173
174
175
175
176
177
179
179
180
181
182
182
183
184
185
185
186
187
187
188
188
189
190
190
191
191
191
192
193
194
195
196
196
197
198
199
199
199
200
201
201
202
202
203
203
204
204
204
204
204
205
205
206
206
206
206
206
206
206
207
207
207
207
207
207
207
207
207
207
207
207
207
207
207
207
207
207
207
207
207
208
208
208
208
209
209
209
209
209
209
209
210
209
208
207
206
205
204
203
202
201
200
200
200
199
198
198
197
197
196
196
195
195
195
194
194
194
194
193
193
193
193
192
192
192
192
192
192
192
192
192
192
192
192
192
191
190
189
188
188
188
187
187
186
185
185
185
184
184
184
183
183
183
182
182
182
181
181
180
180
180
180
180
179
179
179
179
179
178
178
178
178
178
177
177
177
177
177
177
177
177
176
176
176
176
176
176
176
176
176
176
176
176
176
176
176
176
176
176
176
176
176
176
176
175
175
175
174
174
174
174
173
173
173
172
172
172
172
172
172
172
172
171
171
171
171
171
171
171
170
170
170
170
170
170
170
170
170
170
170
169